5	8	40	1.6	0.55	1	2.44	22	40	9	0
6	7	42	1.167	0.405	0.881	4.25	1	737	4	0
4	6	24	1.5	0.458	0.792	5.5	11	19	2	0
4	18	72	4.5	0.25	0.528	2.57	18	38	7	0
7	16	112	2.286	0.321	0.643	2.57	36	72	14	0
7	103	721	14.714	0.295	0.691	1.76	213	498	121	0
9	50	450	5.556	0.496	0.958	2.69	223	431	83	0
10	66	660	6.6	0.273	0.661	1.94	180	436	93	0
9	34	306	3.778	0.32	0.886	1.56	98	271	63	0
10	53	530	5.3	0.294	0.819	1.79	156	434	87	0
9	83	747	9.222	0.284	0.849	1.91	212	634	111	0
9	64	576	7.111	0.299	0.97	1.81	172	559	95	0
12	12	144	1	0.306	0.979	1.69	44	141	26	0
9	54	486	6	0.292	0.957	1.48	142	465	96	0
12	11	132	0.917	0.371	1	1.63	49	132	30	0
9	76	684	8.444	0.307	0.882	1.84	210	603	114	0
2	20	40	10	0.725	0.875	29	29	35	1	1
2	20	40	10	0.775	0.85	31	31	34	1	1
8	3	24	0.375	0.417	0.417	10	10	10	1	0
2	48	96	24	0.625	0.677	30	60	65	2	1
9	21	189	2.333	0.291	0.762	1.57	55	144	35	0
10	100	1000	10	0.436	0.91	2.53	436	910	172	0
1	10	10	10	0.9	1	9	9	10	1	1
7	15	105	2.143	0.324	0.762	3.09	34	80	11	0
7	46	322	6.571	0.155	0.587	4.17	50	189	12	0
2	11	22	5.5	0.409	0.955	9	9	21	1	0
1	43	43	43	0.907	1	9.75	39	43	4	1
8	20	160	2.5	0.5	1	2.76	80	160	29	0
9	36	324	4	0.54	0.929	2.87	175	301	61	0
9	66	594	7.333	0.323	0.805	2	192	478	96	0
9	80	720	8.889	0.293	0.868	1.85	211	625	114	0
11	101	1111	9.182	0.239	0.818	1.61	265	909	165	0
12	40	480	3.333	0.271	0.733	1.97	130	352	66	0
8	41	328	5.125	0.363	0.942	1.63	119	309	73	0
9	34	306	3.778	0.379	0.961	1.71	116	294	68	0
8	18	144	2.25	0.479	0.986	2.16	69	142	32	0
9	36	324	4	0.568	0.932	3.02	184	302	61	0
8	21	168	2.625	0.339	0.673	1.97	57	113	29	0
5	2	10	0.4	0.8	0.8	8	8	8	1	1
12	117	1404	9.75	0.22	0.673	1.68	309	945	184	0
2	112	224	56	0.496	0.504	55.5	111	113	2	1
1	75	75	75	0.813	1	5.55	61	75	11	1
6	27	162	4.5	0.136	0.673	2	22	109	11	0
5	3	15	0.6	0.467	1	7	7	15	1	0
5	35	175	7	0.2	0.829	4.38	35	145	8	0
4	47	188	11.75	0.298	0.739	2.33	56	139	24	0
3	31	93	10.333	0.226	0.774	2.1	21	72	10	0
11	9	99	0.818	0.465	0.818	9.2	46	81	5	0
10	8	80	0.8	0.5	1	5	40	80	8	0
10	38	380	3.8	0.439	0.897	2.83	167	341	59	0
9	49	441	5.444	0.594	0.998	3.05	262	440	86	0
9	81	729	9	0.388	0.897	2.38	283	654	119	0
8	67	536	8.375	0.381	0.746	2.49	204	400	82	0
10	64	640	6.4	0.295	0.808	2.25	189	517	84	0
12	73	876	6.083	0.257	0.591	2.14	225	518	105	0
11	83	913	7.545	0.274	0.9	1.71	250	822	146	0
9	32	288	3.556	0.333	0.861	1.68	96	248	57	0
8	82	656	10.25	0.398	0.951	2.51	261	624	104	0
8	6	48	0.75	0.5	0.646	8	24	31	3	0
9	37	333	4.111	0.598	0.946	3.49	199	315	57	0
8	41	328	5.125	0.424	0.966	2.53	139	317	55	0
2	446	892	223	0.439	0.603	17.82	392	538	22	1
66	3	198	0.045	0.657	0.909	2.6	130	180	50	1
2	236	472	118	0.566	0.689	10.27	267	325	26	1
8	122	976	15.25	0.227	0.65	1.44	222	634	154	0
48	402	19296	8.375	0.055	0.094	4.13	1058	1814	256	1
9	21	189	2.333	0.354	0.878	2.68	67	166	25	0
11	85	935	7.727	0.25	0.664	1.73	234	621	135	0
9	120	1080	13.333	0.331	0.859	1.98	358	928	181	0
6	29	174	4.833	0.293	0.92	1.5	51	160	34	0
7	27	189	3.857	0.238	0.741	2.81	45	140	16	0
10	122	1220	12.2	0.273	0.54	2.03	333	659	164	0
10	24	240	2.4	0.267	0.821	2.06	64	197	31	0
10	33	330	3.3	0.367	0.864	1.95	121	285	62	0
12	84	1008	7	0.282	0.778	1.91	284	784	149	0
9	82	738	9.111	0.385	0.935	2.29	284	690	124	0
22	47	1034	2.136	0.319	0.753	2.13	330	779	155	0
11	86	946	7.818	0.283	0.764	1.91	268	723	140	0
1	75	75	75	0.92	1	11.5	69	75	6	1
9	6	54	0.667	0.5	0.593	13.5	27	32	2	0
9	34	306	3.778	0.288	0.641	2.1	88	196	42	0
10	98	980	9.8	0.463	0.945	2.72	454	926	167	0
9	121	1089	13.444	0.356	0.817	2.2	388	890	176	0
11	100	1100	9.091	0.456	0.882	3.04	502	970	165	0
10	40	400	4	0.428	0.895	3.05	171	358	56	0
1	11	11	11	1	1	11	11	11	1	1
8	27	216	3.375	0.218	0.829	2.14	47	179	22	0
4	115	460	28.75	0.426	0.487	17.82	196	224	11	1
12	8	96	0.667	0.615	0.969	5.9	59	93	10	0
10	22	220	2.2	0.336	0.836	2.74	74	184	27	0
12	83	996	6.917	0.301	0.814	1.99	300	811	151	0
10	87	870	8.7	0.344	0.901	2.27	299	784	132	0
10	84	840	8.4	0.356	0.849	2.47	299	713	121	0
10	78	780	7.8	0.381	0.856	2.52	297	668	118	0
12	8	96	0.667	0.292	1	3.11	28	96	9	0
12	146	1752	12.167	0.091	0.128	26.67	160	225	6	1
9	121	1089	13.444	0.399	0.843	2.4	434	918	181	0
10	37	370	3.7	0.354	0.708	3.2	131	262	41	0
10	47	470	4.7	0.336	0.628	2.26	158	295	70	0
6	17	102	2.833	0.314	0.686	2.29	32	70	14	0
11	123	1353	11.182	0.25	0.514	1.95	338	695	173	0
11	61	671	5.545	0.361	0.614	5.04	242	412	48	0
28	330	9240	11.786	0.057	0.066	31	527	614	17	1
9	79	711	8.778	0.343	0.899	2.2	244	639	111	0
10	79	790	7.9	0.347	0.784	2.25	274	619	122	0
10	83	830	8.3	0.357	0.813	2.28	296	675	130	0
12	102	1224	8.5	0.292	0.764	2.09	357	935	171	0
23	47	1081	2.043	0.315	0.747	2.2	341	808	155	0
9	83	747	9.222	0.292	0.909	2.42	218	679	90	0
12	13	156	1.083	0.391	0.981	2.35	61	153	26	0
12	8	96	0.667	0.302	1	2.9	29	96	10	0
9	6	54	0.667	0.667	0.759	18	36	41	2	0
9	44	396	4.889	0.449	0.879	2.97	178	348	60	0
10	42	420	4.2	0.317	0.85	2.22	133	357	60	0
10	130	1300	13	0.486	0.856	3.18	632	1113	199	0
7	31	217	4.429	0.267	0.714	2.15	58	155	27	0
7	8	56	1.143	0.161	0.518	1.8	9	29	5	0
11	21	231	1.909	0.468	0.719	7.2	108	166	15	0
11	8	88	0.727	0.727	0.989	10.67	64	87	6	0
9	49	441	5.444	0.592	0.998	2.97	261	440	88	0
1	19	19	19	0.684	1	4.33	13	19	3	1
8	36	288	4.5	0.465	0.885	2.13	134	255	63	0
9	22	198	2.444	0.318	0.909	2.42	63	180	26	0
8	38	304	4.75	0.349	0.757	1.93	106	230	55	0
9	34	306	3.778	0.31	0.895	1.61	95	274	59	0
8	17	136	2.125	0.309	0.676	2.33	42	92	18	0
9	82	738	9.111	0.309	0.778	1.93	228	574	118	0
1	11	11	11	0.727	1	4	8	11	2	1
1	13	13	13	0.692	1	3	9	13	3	1
8	36	288	4.5	0.559	0.944	3.04	161	272	53	0
9	121	1089	13.444	0.322	0.776	2.08	351	845	169	0
8	44	352	5.5	0.455	0.949	3.2	160	334	50	0
9	45	405	5	0.447	0.896	3.23	181	363	56	0
14	300	4200	21.429	0.263	0.607	2.39	1106	2550	462	0
7	58	406	8.286	0.212	0.842	2.26	86	342	38	0
6	28	168	4.667	0.143	0.53	1.71	24	89	14	0
4	15	60	3.75	0.267	0.8	4	16	48	4	0
15	31	465	2.067	0.204	0.465	3.96	95	216	24	0
13	33	429	2.538	0.245	0.534	3.89	105	229	27	0
11	21	231	1.909	0.316	0.58	4.29	73	134	17	0
10	38	380	3.8	0.424	0.939	2.78	161	357	58	0
9	21	189	2.333	0.519	0.942	3.27	98	178	30	0
9	23	207	2.556	0.324	0.986	1.63	67	204	41	0
9	92	828	10.222	0.35	0.917	2.07	290	759	140	0
9	64	576	7.111	0.318	0.818	2.18	183	471	84	0
9	81	729	9	0.332	0.974	2.09	242	710	116	0
9	27	243	3	0.346	0.975	1.87	84	237	45	0
6	7	42	1.167	0.238	0.69	10	10	29	1	1
11	14	154	1.273	0.442	0.981	2.43	68	151	28	0
12	48	576	4	0.252	0.755	1.71	145	435	85	0
8	33	264	4.125	0.314	0.705	2.13	83	186	39	0
12	117	1404	9.75	0.231	0.712	1.68	324	1000	193	0
9	42	378	4.667	0.381	0.931	2.48	144	352	58	0
1	46	46	46	0.239	1	1.38	11	46	8	1
9	42	378	4.667	0.344	0.931	2.13	130	352	61	0
6	35	210	5.833	0.533	0.943	2.67	112	198	42	0
1	44	44	44	0.909	1	20	40	44	2	1
5	31	155	6.2	0.239	0.974	2.06	37	151	18	0
5	16	80	3.2	0.313	0.813	2.08	25	65	12	0
14	34	476	2.429	0.279	0.851	3.09	133	405	43	0
11	67	737	6.091	0.269	0.689	2.96	198	508	67	0
12	8	96	0.667	0.51	0.927	7	49	89	7	0
1	14	14	14	0.929	1	13	13	14	1	1
10	49	490	4.9	0.529	0.939	3.01	259	460	86	0
9	81	729	9	0.357	0.863	2.22	260	629	117	0
12	2	24	0.167	0.625	0.667	15	15	16	1	1
9	95	855	10.556	0.284	0.849	1.91	243	726	127	0
9	47	423	5.222	0.404	0.943	1.99	171	399	86	0
9	21	189	2.333	0.323	0.81	1.79	61	153	34	0
9	86	774	9.556	0.337	0.757	2.19	261	586	119	0
11	116	1276	10.545	0.274	0.804	1.8	350	1026	194	0
10	130	1300	13	0.453	0.822	2.78	589	1069	212	0
8	3	24	0.375	0.458	0.667	2.2	11	16	5	0
8	14	112	1.75	0.321	0.938	1.71	36	105	21	0
7	6	42	0.857	0.333	0.762	4.67	14	32	3	0
10	8	80	0.8	0.675	1	9	54	80	6	0
10	8	80	0.8	0.688	1	9.17	55	80	6	0
1	69	69	69	0.841	1	8.29	58	69	7	1
9	33	297	3.667	0.354	0.781	1.84	105	232	57	0
8	84	672	10.5	0.36	0.954	1.94	242	641	125	0
10	84	840	8.4	0.279	0.896	1.65	234	753	142	0
9	63	567	7	0.284	0.908	1.96	161	515	82	0
8	83	664	10.375	0.357	0.979	1.98	237	650	120	0
8	83	664	10.375	0.294	0.955	2.17	195	634	90	0
9	26	234	2.889	0.299	0.953	1.67	70	223	42	0
11	26	286	2.364	0.283	0.888	2.19	81	254	37	0
11	62	682	5.636	0.218	0.705	1.62	149	481	92	0
8	76	608	9.5	0.388	0.903	2.11	236	549	112	0
8	6	48	0.75	0.542	0.646	13	26	31	2	0
10	118	1180	11.8	0.277	0.745	2.02	327	879	162	0
8	43	344	5.375	0.494	0.953	3.4	170	328	50	0
8	41	328	5.125	0.351	0.963	1.92	115	316	60	0
9	123	1107	13.667	0.39	0.996	2.82	432	1103	153	0
1	147	147	147	0.864	1	11.55	127	147	11	1
10	131	1310	13.1	0.487	0.856	2.94	638	1121	217	0
7	43	301	6.143	0.243	0.807	3.48	73	243	21	0
13	116	1508	8.923	0.279	0.658	2.3	421	992	183	0
9	133	1197	14.778	0.236	0.718	1.89	283	859	150	0
6	43	258	7.167	0.205	0.69	1.77	53	178	30	0
6	29	174	4.833	0.339	0.874	1.51	59	152	39	0
10	121	1210	12.1	0.37	0.873	2.41	448	1056	186	0
12	118	1416	9.833	0.309	0.726	2.42	438	1028	181	0
13	1	13	0.077	1	1	13	13	13	1	1
9	34	306	3.778	0.366	0.846	2.38	112	259	47	0
6	172	1032	28.667	0.294	0.907	1.73	303	936	175	0
6	181	1086	30.167	0.298	0.684	1.69	324	743	192	0
8	71	568	8.875	0.407	0.903	2.06	231	513	112	0
8	132	1056	16.5	0.31	0.861	1.84	327	909	178	0
14	44	616	3.143	0.398	0.766	2.5	245	472	98	0
5	99	495	19.8	0.356	0.881	1.5	176	436	117	0
13	408	5304	31.385	0.281	0.677	2.58	1492	3591	579	0
10	86	860	8.6	0.423	0.914	2.44	364	786	149	0
13	409	5317	31.462	0.267	0.582	2.23	1421	3095	637	0
38	410	15580	10.789	0.254	0.604	2.4	3957	9403	1651	0
13	115	1495	8.846	0.314	0.695	2.62	469	1039	179	0
11	63	693	5.727	0.332	0.724	2.77	230	502	83	0
10	75	750	7.5	0.428	0.909	2.28	321	682	141	0
6	28	168	4.667	0.405	0.804	1.84	68	135	37	0
18	168	3024	9.333	0.187	0.73	2.34	564	2207	241	0
8	70	560	8.75	0.371	0.911	1.7	208	510	122	0
9	84	756	9.333	0.407	0.878	2.75	308	664	112	0
6	51	306	8.5	0.294	0.775	1.48	90	237	61	0
8	40	320	5	0.481	0.988	2.61	154	316	59	0
8	44	352	5.5	0.415	0.949	2.06	146	334	71	0
13	77	1001	5.923	0.298	0.7	2.4	298	701	124	0
13	116	1508	8.923	0.292	0.703	2.49	441	1060	177	0
5	39	195	7.8	0.41	0.867	1.67	80	169	48	0
22	71	1562	3.227	0.519	0.843	11.25	810	1317	72	0
9	71	639	7.889	0.39	0.768	2.44	249	491	102	0
8	93	744	11.625	0.324	0.835	1.99	241	621	121	0
9	107	963	11.889	0.357	0.875	2.14	344	843	161	0
9	62	558	6.889	0.348	0.869	2.23	194	485	87	0
6	100	600	16.667	0.385	0.828	1.72	231	497	134	0
5	29	145	5.8	0.538	0.89	2.36	78	129	33	0
13	83	1079	6.385	0.373	0.628	3.5	403	678	115	0
12	142	1704	11.833	0.337	0.759	3.04	575	1293	189	0
12	67	804	5.583	0.403	0.704	3.68	324	566	88	0
24	117	2808	4.875	0.347	0.729	2.88	975	2048	338	0
9	108	972	12	0.449	0.868	2.55	436	844	171	0
6	90	540	15	0.394	0.804	2.2	213	434	97	0
7	16	112	2.286	0.464	0.884	3.25	52	99	16	0
10	35	350	3.5	0.42	0.826	2.23	147	289	66	0
13	58	754	4.462	0.336	0.599	3.2	253	452	79	0
9	35	315	3.889	0.59	0.86	3.88	186	271	48	0
12	176	2112	14.667	0.302	0.599	2.61	637	1265	244	0
10	22	220	2.2	0.491	0.932	3.72	108	205	29	0
8	13	104	1.625	0.587	0.837	4.69	61	87	13	0
12	497	5964	41.417	0.297	0.733	2.25	1773	4374	789	0
5	116	580	23.2	0.376	0.784	2.18	218	455	100	0
4	89	356	22.25	0.34	0.916	1.64	121	326	74	0
8	70	560	8.75	0.298	0.914	1.76	167	512	95	0
8	70	560	8.75	0.332	0.896	1.66	186	502	112	0
5	50	250	10	0.36	0.812	1.58	90	203	57	0
47	286	13442	6.085	0.183	0.317	4.67	2459	4258	526	1
13	386	5018	29.692	0.286	0.658	2.19	1437	3301	657	0
9	33	297	3.667	0.33	0.845	1.81	98	251	54	0
8	107	856	13.375	0.384	0.86	2.12	329	736	155	0
11	337	3707	30.636	0.179	0.648	2.09	664	2402	318	0
7	17	119	2.429	0.454	0.866	3.18	54	103	17	0
11	30	330	2.727	0.379	0.739	3.05	125	244	41	0
5	29	145	5.8	0.4	0.89	1.87	58	129	31	0
10	33	330	3.3	0.294	0.791	1.83	97	261	53	0
7	116	812	16.571	0.309	0.676	2.2	251	549	114	0
8	46	368	5.75	0.291	0.886	2.23	107	326	48	0
11	23	253	2.091	0.415	0.858	3.5	105	217	30	0
11	90	990	8.182	0.362	0.808	2.82	358	800	127	0
9	35	315	3.889	0.397	0.832	1.92	125	262	65	0
9	42	378	4.667	0.452	0.942	2.85	171	356	60	0
11	104	1144	9.455	0.367	0.747	2.56	420	854	164	0
10	181	1810	18.1	0.491	0.866	3.25	888	1567	273	0
11	413	4543	37.545	0.356	0.806	2.44	1619	3662	664	0
10	121	1210	12.1	0.402	0.849	2.7	486	1027	180	0
12	105	1260	8.75	0.37	0.717	2.91	466	903	160	0
10	1	10	0.1	1	1	10	10	10	1	1
14	186	2604	13.286	0.307	0.652	2.5	799	1698	319	0
6	39	234	6.5	0.466	0.889	2.1	109	208	52	0
19	45	855	2.368	0.243	0.582	3.01	208	498	69	0
24	64	1536	2.667	0.227	0.57	3.38	348	875	103	0
18	48	864	2.667	0.264	0.524	4.3	228	453	53	0
12	10	120	0.833	0.442	0.792	5.3	53	95	10	0
14	19	266	1.357	0.113	0.504	30	30	134	1	1
10	271	2710	27.1	0.251	0.754	1.88	679	2044	362	0
15	14	210	0.933	0.11	0.338	1.92	23	71	12	1
7	24	168	3.429	0.101	0.298	1.89	17	50	9	1
8	5	40	0.625	0.275	0.45	3.67	11	18	3	1
7	15	105	2.143	0.114	0.295	2.4	12	31	5	1
5	3	15	0.6	0.467	0.6	3.5	7	9	2	1
7	4	28	0.571	0.286	0.357	8	8	10	1	0
7	65	455	9.286	0.316	0.848	1.52	144	386	95	0
23	271	6233	11.783	0.126	0.359	1.87	786	2239	420	0
8	29	232	3.625	0.384	0.884	2.07	89	205	43	0
8	69	552	8.625	0.279	0.687	1.5	154	379	103	0
11	271	2981	24.636	0.177	0.588	1.49	527	1752	353	0
8	28	224	3.5	0.299	0.969	1.6	67	217	42	0
10	271	2710	27.1	0.197	0.748	1.38	533	2027	386	0
6	6	36	1	0.194	0.417	3.5	7	15	2	1
13	8	104	0.615	0.154	0.769	1.07	16	80	15	1
8	25	200	3.125	0.28	0.825	1.6	56	165	35	0
8	37	296	4.625	0.334	0.993	1.29	99	294	77	0
8	240	1920	30	0.193	0.635	1.4	370	1220	264	0
8	62	496	7.75	0.218	0.629	1.57	108	312	69	0
8	272	2176	34	0.197	0.629	1.38	428	1369	310	0
8	271	2168	33.875	0.217	0.786	1.29	470	1704	364	0
11	271	2981	24.636	0.176	0.671	1.39	525	2001	378	0
7	38	266	5.429	0.327	0.951	1.38	87	253	63	0
5	12	60	2.4	0.267	0.733	1.78	16	44	9	0
10	271	2710	27.1	0.187	0.602	1.35	508	1632	375	0
10	271	2710	27.1	0.193	0.769	1.28	524	2084	409	0
8	96	768	12	0.111	0.479	1.35	85	368	63	0
7	48	336	6.857	0.292	0.804	1.53	98	270	64	0
8	78	624	9.75	0.244	0.745	1.35	152	465	113	0
6	17	102	2.833	0.245	0.598	1.56	25	61	16	0
7	7	49	1	0.286	0.633	1.56	14	31	9	0
7	30	210	4.286	0.295	0.876	1.77	62	184	35	0
8	29	232	3.625	0.207	0.651	1.6	48	151	30	0
5	8	40	1.6	0.425	1	1.89	17	40	9	0
5	7	35	1.4	0.4	0.657	2.33	14	23	6	0
6	69	414	11.5	0.28	0.744	1.4	116	308	83	0
804	11	8844	0.014	0.191	0.233	15.64	1689	2058	108	1
6	129	774	21.5	0.195	0.565	1.35	151	437	112	0
6	25	150	4.167	0.34	0.887	1.42	51	133	36	0
8	12	96	1.5	0.208	0.771	1.11	20	74	18	0
7	9	63	1.286	0.317	0.984	2.22	20	62	9	0
5	8	40	1.6	0.425	0.975	1.55	17	39	11	0
6	28	168	4.667	0.149	0.375	1.47	25	63	17	0
4	6	24	1.5	0.333	0.792	2	8	19	4	0
4	28	112	7	0.455	1	1.27	51	112	40	0
6	13	78	2.167	0.295	0.872	1.44	23	68	16	0
6	11	66	1.833	0.333	0.803	1.69	22	53	13	0
4	12	48	3	0.292	1	1.4	14	48	10	0
6	41	246	6.833	0.224	0.85	1.2	55	209	46	0
9	23	207	2.556	0.213	0.507	1.57	44	105	28	0
5	13	65	2.6	0.246	0.831	1.33	16	54	12	0
4	14	56	3.5	0.268	0.732	1.67	15	41	9	0
9	17	153	1.889	0.183	0.529	1.75	28	81	16	0
9	18	162	2	0.278	0.716	1.67	45	116	27	0
7	125	875	17.857	0.27	0.858	1.4	236	751	168	0
7	19	133	2.714	0.331	0.767	1.42	44	102	31	0
10	151	1510	15.1	0.193	0.77	1.48	291	1162	197	0
7	13	91	1.857	0.264	0.648	1.41	24	59	17	0
7	27	189	3.857	0.28	0.947	1.33	53	179	40	0
7	21	147	3	0.354	0.939	1.63	52	138	32	0
9	56	504	6.222	0.21	0.603	1.26	106	304	84	0
8	81	648	10.125	0.221	0.591	1.29	143	383	111	0
7	35	245	5	0.31	1	1.55	76	245	49	0
7	9	63	1.286	0.317	0.81	1.54	20	51	13	0
9	49	441	5.444	0.231	0.685	1.46	102	302	70	0
7	23	161	3.286	0.248	0.944	1.21	40	152	33	0
7	11	77	1.571	0.312	0.987	1.2	24	76	20	0
9	54	486	6	0.27	0.852	1.49	131	414	88	0
7	29	203	4.143	0.36	0.936	1.4	73	190	52	0
7	11	77	1.571	0.351	0.961	1.35	27	74	20	0
8	27	216	3.375	0.236	0.685	1.31	51	148	39	0
7	4	28	0.571	0.25	0.857	2.33	7	24	3	0
5	11	55	2.2	0.455	1	1.67	25	55	15	0
7	24	168	3.429	0.274	0.661	1.48	46	111	31	0
5	6	30	1.2	0.3	1	1.8	9	30	5	0
10	262	2620	26.2	0.19	0.601	1.32	499	1575	377	0
7	48	336	6.857	0.33	0.821	1.44	111	276	77	0
8	25	200	3.125	0.285	0.88	1.36	57	176	42	0
10	9	90	0.9	0.222	1	1.25	20	90	16	0
8	16	128	2	0.258	0.945	1.18	33	121	28	0
5	13	65	2.6	0.4	1	1.18	26	65	22	0
7	21	147	3	0.293	0.81	1.34	43	119	32	0
7	24	168	3.429	0.232	0.851	1.22	39	143	32	0
7	4	28	0.571	0.286	1	2	8	28	4	0
7	18	126	2.571	0.365	0.952	1.53	46	120	30	0
7	13	91	1.857	0.33	0.835	1.43	30	76	21	0
9	30	270	3.333	0.27	0.796	1.4	73	215	52	0
7	10	70	1.429	0.329	1	1.77	23	70	13	0
6	21	126	3.5	0.349	1	1.33	44	126	33	0
7	7	49	1	0.245	0.878	1.71	12	43	7	0
8	39	312	4.875	0.224	0.824	1.21	70	257	58	0
7	14	98	2	0.214	0.786	1.11	21	77	19	0
6	26	156	4.333	0.288	0.872	1.29	45	136	35	0
7	7	49	1	0.327	1	1.33	16	49	12	0
7	16	112	2.286	0.286	0.705	1.88	32	79	17	0
7	11	77	1.571	0.351	0.727	1.5	27	56	18	0
7	52	364	7.429	0.272	0.788	1.22	99	287	81	0
7	11	77	1.571	0.377	0.948	1.38	29	73	21	0
7	11	77	1.571	0.299	0.727	1.35	23	56	17	0
5	7	35	1.4	0.543	1	2.11	19	35	9	0
7	16	112	2.286	0.286	0.955	1.68	32	107	19	0
7	33	231	4.714	0.368	0.896	1.57	85	207	54	0
7	30	210	4.286	0.329	1	1.38	69	210	50	0
7	8	56	1.143	0.268	0.768	1.07	15	43	14	0
9	17	153	1.889	0.235	0.647	1.44	36	99	25	0
9	20	180	2.222	0.294	0.578	1.51	53	104	35	0
9	19	171	2.111	0.292	0.684	1.52	50	117	33	0
5	8	40	1.6	0.35	0.975	1	14	39	14	0
7	51	357	7.286	0.325	0.871	1.66	116	311	70	0
6	24	144	4	0.264	0.764	1.46	38	110	26	0
7	33	231	4.714	0.351	0.987	1.53	81	228	53	0
10	31	310	3.1	0.197	0.652	1.3	61	202	47	0
7	11	77	1.571	0.377	0.974	1.61	29	75	18	0
6	13	78	2.167	0.333	0.91	1.37	26	71	19	0
5	12	60	2.4	0.483	1	1.38	29	60	21	0
5	21	105	4.2	0.333	0.79	1.46	35	83	24	0
9	29	261	3.222	0.23	0.613	1.3	60	160	46	0
7	6	42	0.857	0.452	0.976	1.73	19	41	11	0
8	8	64	1	0.219	0.875	1.56	14	56	9	0
7	17	119	2.429	0.311	0.908	1.54	37	108	24	0
6	7	42	1.167	0.286	0.857	1.5	12	36	8	0
7	16	112	2.286	0.313	0.973	1.75	35	109	20	0
7	31	217	4.429	0.286	0.673	1.55	62	146	40	0
6	25	150	4.167	0.313	1	1.38	47	150	34	0
7	26	182	3.714	0.192	0.626	1.52	35	114	23	0
7	11	77	1.571	0.299	0.649	1.77	23	50	13	0
6	11	66	1.833	0.318	0.712	1.31	21	47	16	0
7	43	301	6.143	0.319	0.801	1.41	96	241	68	0
7	15	105	2.143	0.343	1	1.64	36	105	22	0
7	11	77	1.571	0.377	0.961	1.45	29	74	20	0
6	11	66	1.833	0.379	0.818	1.67	25	54	15	0
7	23	161	3.286	0.28	0.783	1.29	45	126	35	0
9	24	216	2.667	0.287	0.912	1.72	62	197	36	0
9	52	468	5.778	0.306	0.718	1.66	143	336	86	0
7	45	315	6.429	0.254	0.708	1.29	80	223	62	0
8	48	384	6	0.221	0.557	1.37	85	214	62	0
5	43	215	8.6	0.456	1	1.42	98	215	69	0
5	28	140	5.6	0.321	0.95	1.45	45	133	31	0
5	6	30	1.2	0.433	1	1.63	13	30	8	0
9	18	162	2	0.259	0.71	1.56	42	115	27	0
7	10	70	1.429	0.3	0.771	1.5	21	54	14	0
7	33	231	4.714	0.364	0.753	1.68	84	174	50	0
6	16	96	2.667	0.354	1	1.48	34	96	23	0
5	7	35	1.4	0.4	0.943	1.75	14	33	8	0
7	37	259	5.286	0.282	0.772	1.35	73	200	54	0
7	15	105	2.143	0.371	0.829	1.77	39	87	22	0
7	20	140	2.857	0.25	0.593	1.35	35	83	26	0
5	43	215	8.6	0.372	0.888	1.45	80	191	55	0
7	11	77	1.571	0.299	1	1.21	23	77	19	0
7	30	210	4.286	0.324	0.948	1.55	68	199	44	0
7	11	77	1.571	0.377	1	1.53	29	77	19	0
7	18	126	2.571	0.254	0.841	1.39	32	106	23	0
5	23	115	4.6	0.322	1	1.32	37	115	28	0
7	18	126	2.571	0.302	0.984	1.36	38	124	28	0
9	107	963	11.889	0.217	0.842	1.34	209	811	156	0
6	33	198	5.5	0.303	0.874	1.46	60	173	41	0
9	14	126	1.556	0.238	0.897	1.36	30	113	22	0
9	50	450	5.556	0.22	0.691	1.32	99	311	75	0
7	23	161	3.286	0.28	0.826	1.45	45	133	31	0
7	23	161	3.286	0.323	0.839	1.68	52	135	31	0
7	14	98	2	0.367	0.786	1.57	36	77	23	0
7	11	77	1.571	0.234	0.675	1.29	18	52	14	0
5	9	45	1.8	0.444	0.956	1.43	20	43	14	0
8	19	152	2.375	0.309	0.98	1.52	47	149	31	0
6	7	42	1.167	0.262	0.929	1.38	11	39	8	0
6	29	174	4.833	0.305	0.966	1.26	53	168	42	0
6	5	30	0.833	0.367	0.867	2.75	11	26	4	0
7	23	161	3.286	0.298	0.876	1.45	48	141	33	0
5	10	50	2	0.36	1	1.29	18	50	14	0
9	53	477	5.889	0.218	0.591	1.24	104	282	84	0
5	6	30	1.2	0.433	0.9	1.63	13	27	8	0
8	398	3184	49.75	0.279	0.664	1.7	887	2113	521	0
8	15	120	1.875	0.467	0.783	2.24	56	94	25	0
8	48	384	6	0.341	0.737	1.96	131	283	67	0
6	7	42	1.167	0.524	1	2	22	42	11	0
9	36	324	4	0.349	0.707	1.82	113	229	62	0
9	35	315	3.889	0.362	0.825	1.97	114	260	58	0
8	28	224	3.5	0.393	0.759	2.2	88	170	40	0
10	25	250	2.5	0.32	0.648	2	80	162	40	0
13	5	65	0.385	0.123	0.538	8	8	35	1	1
8	10	80	1.25	0.45	0.988	1.71	36	79	21	0
53	48	2544	0.906	0.181	0.374	4.69	460	951	98	1
8	25	200	3.125	0.385	0.615	2.75	77	123	28	0
8	35	280	4.375	0.443	0.996	2.14	124	279	58	0
10	23	230	2.3	0.361	0.774	2.44	83	178	34	0
9	59	531	6.556	0.348	0.829	2.26	185	440	82	0
27	4	108	0.148	0.333	0.667	2.57	36	72	14	1
9	12	108	1.333	0.37	1	2	40	108	20	0
11	34	374	3.091	0.324	0.872	2.47	121	326	49	0
8	12	96	1.5	0.417	0.938	2	40	90	20	0
8	13	104	1.625	0.529	0.798	2.89	55	83	19	0
10	29	290	2.9	0.383	0.834	2.47	111	242	45	0
7	16	112	2.286	0.446	0.946	2	50	106	25	0
21	4	84	0.19	0.31	0.643	3.71	26	54	7	1
12	271	3252	22.583	0.238	0.571	1.98	773	1857	391	0
2	46	92	23	0.511	0.554	47	47	51	1	1
1	127	127	127	0.646	1	13.67	82	127	6	1
9	16	144	1.778	0.375	1	2.08	54	144	26	0
8	9	72	1.125	0.403	0.722	1.93	29	52	15	0
11	19	209	1.727	0.378	0.9	1.93	79	188	41	0
10	17	170	1.7	0.382	1	2.41	65	170	27	0
5	7	35	1.4	0.2	0.314	7	7	11	1	1
21	13	273	0.619	0.168	0.308	2.3	46	84	20	0
25	9	225	0.36	0.187	0.436	2.47	42	98	17	1
10	19	190	1.9	0.379	0.816	2.12	72	155	34	0
9	18	162	2	0.414	0.877	2.31	67	142	29	0
10	25	250	2.5	0.384	0.836	2.46	96	209	39	0
8	42	336	5.25	0.414	0.955	1.88	139	321	74	0
6	18	108	3	0.5	0.991	2.45	54	107	22	0
6	13	78	2.167	0.551	0.923	2.53	43	72	17	0
12	4	48	0.333	0.292	1	2	14	48	7	1
10	18	180	1.8	0.389	0.817	1.89	70	147	37	0
9	20	180	2.222	0.367	0.9	2.2	66	162	30	0
53	48	2544	0.906	0.157	0.269	7.84	400	685	51	1
9	9	81	1	0.346	0.877	2.8	28	71	10	0
9	4	36	0.444	0.472	0.861	5.67	17	31	3	0
11	25	275	2.273	0.327	0.84	1.96	90	231	46	0
11	45	495	4.091	0.267	0.733	2	132	363	66	0
9	25	225	2.778	0.378	0.938	2.13	85	211	40	0
8	56	448	7	0.424	0.942	2.09	190	422	91	0
11	134	1474	12.182	0.286	0.777	2.36	422	1145	179	0
1	19	19	19	0.737	1	4.67	14	19	3	1
9	240	2160	26.667	0.259	0.714	1.66	559	1542	336	0
10	11	110	1.1	0.273	0.927	1.58	30	102	19	0
8	7	56	0.875	0.411	1	1.92	23	56	12	0
8	29	232	3.625	0.453	0.996	2.1	105	231	50	0
6	18	108	3	0.537	0.981	2.64	58	106	22	0
9	244	2196	27.111	0.237	0.801	1.59	520	1758	327	0
8	34	272	4.25	0.426	0.985	1.84	116	268	63	0
8	25	200	3.125	0.405	0.755	1.98	81	151	41	0
8	10	80	1.25	0.4	0.825	2	32	66	16	0
10	271	2710	27.1	0.239	0.615	1.94	647	1668	333	0
11	272	2992	24.727	0.279	0.681	1.97	835	2039	423	0
8	10	80	1.25	0.425	0.913	2	34	73	17	0
8	12	96	1.5	0.375	0.792	2.57	36	76	14	0
7	17	119	2.429	0.429	0.748	2.22	51	89	23	0
8	6	48	0.75	0.396	0.813	1.58	19	39	12	0
8	38	304	4.75	0.401	0.747	2.65	122	227	46	0
11	25	275	2.273	0.36	0.909	2.11	99	250	47	0
8	12	96	1.5	0.51	0.844	2.58	49	81	19	0
8	35	280	4.375	0.418	0.929	2.39	117	260	49	0
8	7	56	0.875	0.375	1	2.63	21	56	8	0
8	16	128	2	0.453	0.68	2.9	58	87	20	0
8	36	288	4.5	0.427	1	2.05	123	288	60	0
5	4	20	0.8	0.7	0.8	7	14	16	2	0
8	38	304	4.75	0.461	0.803	2.3	140	244	61	0
8	4	32	0.5	0.469	0.719	5	15	23	3	0
8	18	144	2.25	0.361	0.944	2.17	52	136	24	0
7	26	182	3.714	0.445	0.978	2.25	81	178	36	0
11	271	2981	24.636	0.278	0.728	1.99	829	2171	417	0
9	47	423	5.222	0.336	0.891	1.78	142	377	80	0
8	27	216	3.375	0.435	0.963	2.14	94	208	44	0
6	33	198	5.5	0.52	0.995	2.24	103	197	46	0
11	261	2871	23.727	0.257	0.644	2.01	738	1849	368	0
9	26	234	2.889	0.316	0.88	1.85	74	206	40	0
9	16	144	1.778	0.326	0.792	1.74	47	114	27	0
6	14	84	2.333	0.571	1	2.29	48	84	21	0
11	54	594	4.909	0.258	0.736	1.99	153	437	77	0
8	14	112	1.75	0.446	0.973	2.27	50	109	22	0
8	7	56	0.875	0.429	1	2.18	24	56	11	0
8	12	96	1.5	0.458	0.927	2.2	44	89	20	0
8	21	168	2.625	0.411	0.994	2.56	69	167	27	0
8	12	96	1.5	0.438	1	2	42	96	21	0
8	26	208	3.25	0.389	1	2.31	81	208	35	0
8	16	128	2	0.438	0.891	2.67	56	114	21	0
6	8	48	1.333	0.563	0.958	3.38	27	46	8	0
11	213	2343	19.364	0.264	0.698	1.95	619	1635	317	0
11	61	671	5.545	0.294	0.735	2.21	197	493	89	0
8	19	152	2.375	0.368	1	1.75	56	152	32	0
10	64	640	6.4	0.189	0.4	2.12	121	256	57	0
8	47	376	5.875	0.34	0.753	2	128	283	64	0
10	19	190	1.9	0.311	1	1.69	59	190	35	0
8	22	176	2.75	0.403	1	2.03	71	176	35	0
9	7	63	0.778	0.365	0.937	1.77	23	59	13	0
8	7	56	0.875	0.429	1	2.18	24	56	11	0
8	12	96	1.5	0.406	0.896	1.86	39	86	21	0
8	16	128	2	0.43	1	2.04	55	128	27	0
8	26	208	3.25	0.399	0.976	1.93	83	203	43	0
8	12	96	1.5	0.417	0.969	2.11	40	93	19	0
8	31	248	3.875	0.371	0.782	2	92	194	46	0
8	12	96	1.5	0.427	0.875	2.56	41	84	16	0
8	37	296	4.625	0.375	0.922	1.61	111	273	69	0
10	44	440	4.4	0.314	0.623	1.92	138	274	72	0
10	40	400	4	0.333	0.783	1.82	133	313	73	0
6	14	84	2.333	0.56	0.929	2.24	47	78	21	0
8	50	400	6.25	0.405	0.993	1.93	162	397	84	0
12	261	3132	21.75	0.207	0.564	1.81	649	1768	358	0
8	19	152	2.375	0.355	0.954	2	54	145	27	0
8	57	456	7.125	0.309	0.838	1.81	141	382	78	0
8	27	216	3.375	0.343	0.778	1.76	74	168	42	0
8	8	64	1	0.406	0.953	2.17	26	61	12	0
10	16	160	1.6	0.375	0.769	2.14	60	123	28	0
5	7	35	1.4	0.457	1	1.45	16	35	11	0
8	42	336	5.25	0.375	0.899	2.07	126	302	61	0
8	76	608	9.5	0.314	0.711	1.87	191	432	102	0
10	15	150	1.5	0.36	0.813	2.08	54	122	26	0
8	64	512	8	0.385	0.912	1.93	197	467	102	0
10	32	320	3.2	0.306	0.788	1.69	98	252	58	0
1	25	25	25	1	1	25	25	25	1	0
6	146	876	24.333	0.325	0.691	1.83	285	605	156	0
8	14	112	1.75	0.482	0.759	3.38	54	85	16	0
68	34	2312	0.5	0.224	0.526	2.44	519	1215	213	1
7	7	49	1	0.592	0.959	2.42	29	47	12	0
11	53	583	4.818	0.249	0.734	1.93	145	428	75	0
7	2	14	0.286	0.857	0.857	12	12	12	1	0
10	11	110	1.1	0.409	0.955	2.5	45	105	18	0
7	2	14	0.286	0.714	0.714	10	10	10	1	0
7	15	105	2.143	0.438	0.895	2.3	46	94	20	0
9	20	180	2.222	0.322	0.717	2.15	58	129	27	0
9	13	117	1.444	0.368	1	2.69	43	117	16	0
6	13	78	2.167	0.436	0.756	2.27	34	59	15	0
6	17	102	2.833	0.451	0.745	2.56	46	76	18	0
10	23	230	2.3	0.27	0.648	2	62	149	31	0
5	14	70	2.8	0.329	0.5	2.56	23	35	9	0
8	16	128	2	0.328	0.969	1.91	42	124	22	0
34	25	850	0.735	0.256	0.534	2.06	218	454	106	1
36	43	1548	1.194	0.117	0.183	3.07	181	283	59	1
8	32	256	4	0.395	0.773	2.1	101	198	48	0
8	33	264	4.125	0.375	0.981	1.6	99	259	62	0
11	109	1199	9.909	0.234	0.62	1.92	281	743	146	0
10	57	570	5.7	0.326	0.695	1.98	186	396	94	0
6	8	48	1.333	0.604	0.896	3.22	29	43	9	0
9	2	18	0.222	0.611	0.722	11	11	13	1	1
5	2	10	0.4	0.7	0.7	7	7	7	1	0
7	35	245	5	0.494	1	2.2	121	245	55	0
6	26	156	4.333	0.519	0.955	2.25	81	149	36	0
5	22	110	4.4	0.536	0.909	2.19	59	100	27	0
5	19	95	3.8	0.505	0.8	2.18	48	76	22	0
11	54	594	4.909	0.316	0.697	2.07	188	414	91	0
8	35	280	4.375	0.425	0.843	2.09	119	236	57	0
10	16	160	1.6	0.444	1	2.22	71	160	32	0
10	51	510	5.1	0.337	0.773	2.12	172	394	81	0
11	127	1397	11.545	0.266	0.686	2.23	371	959	166	0
7	20	140	2.857	0.464	0.9	2.71	65	126	24	0
9	18	162	2	0.321	0.654	2.26	52	106	23	0
10	35	350	3.5	0.311	0.72	1.88	109	252	58	0
8	14	112	1.75	0.438	0.768	2.23	49	86	22	0
8	5	40	0.625	0.375	0.95	2.14	15	38	7	0
8	6	48	0.75	0.333	0.979	1.78	16	47	9	0
10	12	120	1.2	0.333	0.958	1.82	40	115	22	0
10	23	230	2.3	0.348	0.891	2.22	80	205	36	0
5	7	35	1.4	0.571	1	2.5	20	35	8	0
8	7	56	0.875	0.482	0.946	2.7	27	53	10	0
8	12	96	1.5	0.396	0.969	1.81	38	93	21	0
8	20	160	2.5	0.394	0.944	2.25	63	151	28	0
7	20	140	2.857	0.436	0.736	2.35	61	103	26	0
6	18	108	3	0.444	0.991	1.71	48	107	28	0
10	41	410	4.1	0.278	0.632	1.93	114	259	59	0
8	34	272	4.25	0.357	0.75	1.87	97	204	52	0
8	11	88	1.375	0.477	0.966	2	42	85	21	0
8	37	296	4.625	0.334	0.831	1.87	99	246	53	0
8	19	152	2.375	0.421	0.974	1.83	64	148	35	0
8	30	240	3.75	0.342	0.896	2	82	215	41	0
8	18	144	2.25	0.438	0.979	2.74	63	141	23	0
10	29	290	2.9	0.29	0.803	1.83	84	233	46	0
10	22	220	2.2	0.309	0.582	2.34	68	128	29	0
9	18	162	2	0.327	0.914	1.89	53	148	28	0
10	58	580	5.8	0.3	0.84	2.17	174	487	80	0
9	32	288	3.556	0.33	0.889	1.79	95	256	53	0
8	23	184	2.875	0.462	1	1.89	85	184	45	0
7	25	175	3.571	0.434	1	1.81	76	175	42	0
5	26	130	5.2	0.523	0.985	1.89	68	128	36	0
10	31	310	3.1	0.339	0.713	2.14	105	221	49	0
6	4	24	0.667	0.583	0.792	3.5	14	19	4	0
8	35	280	4.375	0.396	0.986	1.88	111	276	59	0
7	21	147	3	0.313	0.667	2.09	46	98	22	0
9	29	261	3.222	0.318	0.893	1.73	83	233	48	0
6	23	138	3.833	0.377	0.862	2.36	52	119	22	0
11	261	2871	23.727	0.246	0.638	1.93	707	1833	366	0
8	12	96	1.5	0.521	0.958	2.5	50	92	20	0
7	13	91	1.857	0.429	0.945	2.05	39	86	19	0
7	18	126	2.571	0.397	0.984	1.79	50	124	28	0
7	19	133	2.714	0.451	0.97	2.73	60	129	22	0
8	13	104	1.625	0.365	0.933	1.65	38	97	23	0
7	9	63	1.286	0.365	0.698	1.64	23	44	14	0
7	41	287	5.857	0.422	1	1.73	121	287	70	0
5	14	70	2.8	0.543	0.929	2	38	65	19	0
8	7	56	0.875	0.518	1	2.64	29	56	11	0
11	261	2871	23.727	0.231	0.596	1.87	662	1711	354	0
8	108	864	13.5	0.348	0.868	1.65	301	750	182	0
8	26	208	3.25	0.24	0.563	2.5	50	117	20	0
8	43	344	5.375	0.34	0.892	1.83	117	307	64	0
8	6	48	0.75	0.417	0.917	2.22	20	44	9	0
7	20	140	2.857	0.429	1	1.94	60	140	31	0
10	9	90	0.9	0.344	0.856	1.72	31	77	18	0
10	41	410	4.1	0.266	0.539	1.98	109	221	55	0
10	212	2120	21.2	0.24	0.61	1.85	508	1293	274	0
7	45	315	6.429	0.381	0.771	2.22	120	243	54	0
6	16	96	2.667	0.49	0.844	1.96	47	81	24	0
8	4	32	0.5	0.406	0.781	2.17	13	25	6	0
7	9	63	1.286	0.397	0.841	2.78	25	53	9	0
8	31	248	3.875	0.347	0.734	1.79	86	182	48	0
10	23	230	2.3	0.37	0.83	2.3	85	191	37	0
7	22	154	3.143	0.396	1	1.85	61	154	33	0
7	35	245	5	0.404	0.939	1.9	99	230	52	0
7	8	56	1.143	0.411	0.714	2.3	23	40	10	0
7	11	77	1.571	0.455	0.974	1.75	35	75	20	0
7	49	343	7	0.318	0.612	1.91	109	210	57	0
10	48	480	4.8	0.3	0.556	2.15	144	267	67	0
8	12	96	1.5	0.427	0.75	2.05	41	72	20	0
8	33	264	4.125	0.371	0.678	1.88	98	179	52	0
10	22	220	2.2	0.318	0.777	1.79	70	171	39	0
15	67	1005	4.467	0.293	0.607	3.59	294	610	82	0
7	11	77	1.571	0.234	0.545	2.57	18	42	7	0
6	32	192	5.333	0.286	0.891	1.41	55	171	39	0
7	13	91	1.857	0.286	0.934	1.63	26	85	16	0
5	31	155	6.2	0.361	0.974	1.56	56	151	36	0
9	465	4185	51.667	0.157	0.644	1.24	658	2694	532	0
1	89	89	89	0.191	1	1.06	17	89	16	0
2	536	1072	268	0.498	0.533	41.08	534	571	13	1
8	280	2240	35	0.191	0.709	1.28	427	1589	333	0
7	13	91	1.857	0.308	0.978	1.56	28	89	18	0
1	60	60	60	0.217	1	1.08	13	60	12	0
8	103	824	12.875	0.142	0.62	1.17	117	511	100	0
9	331	2979	36.778	0.126	0.527	1.21	374	1570	308	0
9	532	4788	59.111	0.154	0.642	1.29	736	3073	572	0
5	13	65	2.6	0.154	0.662	10	10	43	1	0
4	12	48	3	0.25	0.792	3	12	38	4	0
13	226	2938	17.385	0.258	0.971	3.12	759	2852	243	0
5	5	25	1	0.36	0.56	3	9	14	3	0
7	63	441	9	0.288	0.991	1.61	127	437	79	0
6	4	24	0.667	0.417	0.583	5	10	14	2	0
8	102	816	12.75	0.403	0.929	2.7	329	758	122	0
9	166	1494	18.444	0.392	0.75	3.08	585	1120	190	0
9	272	2448	30.222	0.137	0.532	1.33	336	1303	252	0
9	535	4815	59.444	0.088	0.318	1.37	425	1530	310	0
10	508	5080	50.8	0.1	0.343	1.36	506	1742	372	0
2	535	1070	267.5	0.545	0.629	24.29	583	673	24	1
9	306	2754	34	0.192	0.751	1.4	530	2069	378	0
9	534	4806	59.333	0.131	0.516	1.31	629	2482	479	0
10	534	5340	53.4	0.132	0.519	1.28	703	2771	548	0
9	267	2403	29.667	0.131	0.517	1.35	315	1242	234	0
9	534	4806	59.333	0.102	0.417	1.4	491	2005	351	0
7	197	1379	28.143	0.072	0.326	1.5	99	450	66	0
3	536	1608	178.67	0.341	0.353	61	549	567	9	1
14	298	4172	21.286	0.207	0.71	3.49	862	2962	247	0
13	38	494	2.923	0.332	0.935	4	164	462	41	0
7	95	665	13.571	0.296	0.982	1.64	197	653	120	0
9	108	972	12	0.222	0.778	1.73	216	756	125	0
8	150	1200	18.75	0.205	0.628	1.32	246	753	187	0
8	275	2200	34.375	0.209	0.737	1.31	460	1621	351	0
1	249	249	249	0.173	1	1.02	43	249	42	0
7	34	238	4.857	0.282	0.782	1.49	67	186	45	0
7	193	1351	27.571	0.206	0.813	1.37	278	1099	203	0
9	464	4176	51.556	0.158	0.55	1.3	658	2297	505	0
8	256	2048	32	0.124	0.563	1.26	253	1153	200	0
1	277	277	277	1	1	277	277	277	1	1
1	257	257	257	1	1	257	257	257	1	1
13	37	481	2.846	0.322	0.992	3.52	155	477	44	0
25	471	11775	18.84	0.449	0.886	7.8	5290	10437	678	0
7	216	1512	30.857	0.458	0.856	3.11	693	1294	223	0
9	108	972	12	0.329	0.691	2.27	320	672	141	0
9	170	1530	18.889	0.371	0.766	2.6	567	1172	218	0
2	537	1074	268.5	0.507	0.528	181.33	544	567	3	1
8	152	1216	19	0.199	0.677	1.27	242	823	191	0
9	535	4815	59.444	0.173	0.667	1.36	832	3214	613	0
31	105	3255	3.387	0.242	0.456	4.89	787	1485	161	1
8	62	496	7.75	0.361	0.877	3.03	179	435	59	0
8	96	768	12	0.276	0.883	1.77	212	678	120	0
9	83	747	9.222	0.376	0.687	2.49	281	513	113	0
8	107	856	13.375	0.363	0.734	2.24	311	628	139	0
9	102	918	11.333	0.386	0.895	2.77	354	822	128	0
9	250	2250	27.778	0.347	0.737	2.44	781	1659	320	0
9	510	4590	56.667	0.148	0.537	1.33	681	2465	513	0
9	217	1953	24.111	0.168	0.686	1.4	329	1339	235	0
2	99	198	49.5	0.253	0.616	4.55	50	122	11	1
10	336	3360	33.6	0.163	0.623	1.32	549	2094	415	0
7	155	1085	22.143	0.178	0.614	1.46	193	666	132	0
7	219	1533	31.286	0.182	0.798	1.26	279	1224	222	0
2	537	1074	268.5	0.52	0.621	26.57	558	667	21	1
1	537	537	537	1	1	537	537	537	1	1
8	109	872	13.625	0.2	0.854	1.39	174	745	125	0
9	103	927	11.444	0.357	0.864	2.47	331	801	134	0
1	63	63	63	1	1	63	63	63	1	1
9	207	1863	23	0.177	0.632	1.29	330	1178	255	0
9	103	927	11.444	0.164	0.771	1.22	152	715	125	0
7	198	1386	28.286	0.17	0.713	1.36	236	988	174	0
1	143	143	143	0.133	1	1.06	19	143	18	0
9	535	4815	59.444	0.106	0.47	1.21	510	2262	422	0
10	219	2190	21.9	0.153	0.601	1.24	334	1317	270	0
1	123	123	123	0.163	1	1.05	20	123	19	0
7	62	434	8.857	0.189	0.756	1.28	82	328	64	0
8	199	1592	24.875	0.115	0.575	1.18	183	915	155	0
1	36	36	36	0.222	1	1.14	8	36	7	0
7	198	1386	28.286	0.055	0.359	1.23	76	498	62	0
1	145	145	145	0.972	1	35.25	141	145	4	1
8	86	688	10.75	0.494	0.945	2.64	340	650	129	0
9	183	1647	20.333	0.327	0.744	2.25	538	1225	239	0
9	105	945	11.667	0.334	0.869	2.19	316	821	144	0
2	538	1076	269	0.519	0.684	34.88	558	736	16	1
2	538	1076	269	0.637	0.703	29.78	685	756	23	1
10	511	5110	51.1	0.115	0.414	1.53	588	2114	385	0
7	45	315	6.429	0.254	0.813	1.4	80	256	57	0
10	137	1370	13.7	0.191	0.693	1.4	261	949	187	0
13	375	4875	28.846	0.154	0.519	1.44	751	2531	521	0
8	38	304	4.75	0.128	0.444	1.86	39	135	21	0
10	510	5100	51	0.162	0.537	1.47	827	2741	564	0
9	175	1575	19.444	0.177	0.624	1.26	279	983	222	0
9	490	4410	54.444	0.067	0.323	1.4	297	1425	212	0
10	510	5100	51	0.163	0.542	1.36	832	2763	612	0
7	13	91	1.857	0.374	1	1.89	34	91	18	0
3	538	1614	179.33	0.37	0.424	22.11	597	685	27	1
3	537	1611	179	0.353	0.364	71.13	569	587	8	1
14	227	3178	16.214	0.237	0.839	3.34	754	2667	226	0
9	111	999	12.333	0.218	0.81	1.7	218	809	128	0
9	181	1629	20.111	0.375	0.738	2.9	611	1202	211	0
8	124	992	15.5	0.427	0.847	2.6	424	840	163	0
7	34	238	4.857	0.265	0.748	1.4	63	178	45	0
2	21	42	10.5	0.167	0.643	1.4	7	27	5	0
7	521	3647	74.429	0.091	0.386	1.28	333	1409	260	0
1	60	60	60	0.2	1	1.09	12	60	11	0
7	143	1001	20.429	0.113	0.528	1.47	113	529	77	0
10	317	3170	31.7	0.124	0.484	1.32	392	1535	298	0
1	65	65	65	0.2	1	1.08	13	65	12	0
1	45	45	45	0.2	1	1.13	9	45	8	0
14	57	798	4.071	0.727	0.951	11.84	580	759	49	0
13	104	1352	8	0.198	0.639	3.44	268	864	78	0
24	186	4464	7.75	0.514	0.988	7.55	2296	4410	304	0
8	82	656	10.25	0.434	0.75	2.91	285	492	98	0
2	537	1074	268.5	0.537	0.609	22.19	577	654	26	1
8	62	496	7.75	0.214	0.645	1.43	106	320	74	0
9	341	3069	37.889	0.072	0.305	1.35	222	935	165	0
8	510	4080	63.75	0.144	0.531	1.32	586	2166	444	0
9	177	1593	19.667	0.196	0.75	1.38	313	1195	227	0
9	353	3177	39.222	0.187	0.634	1.45	594	2013	411	0
9	144	1296	16	0.123	0.612	1.33	160	793	120	0
5	14	70	2.8	0.257	0.814	3.6	18	57	5	0
9	510	4590	56.667	0.171	0.695	1.27	787	3190	618	0
9	488	4392	54.222	0.074	0.343	1.28	326	1508	254	0
9	99	891	11	0.21	0.778	1.39	187	693	135	0
9	163	1467	18.111	0.148	0.667	1.28	217	978	170	0
6	81	486	13.5	0.282	0.852	1.26	137	414	109	0
7	71	497	10.143	0.193	0.672	1.43	96	334	67	0
9	61	549	6.778	0.213	0.683	1.6	117	375	73	0
9	102	918	11.333	0.214	0.708	1.3	196	650	151	0
7	50	350	7.143	0.214	0.96	1.23	75	336	61	0
2	535	1070	267.5	0.55	0.586	117.8	589	627	5	1
13	227	2951	17.462	0.226	0.837	3.11	668	2470	215	0
24	280	6720	11.667	0.452	0.899	7.62	3040	6042	399	0
8	100	800	12.5	0.485	0.879	3.43	388	703	113	0
2	32	64	16	0.516	0.531	33	33	34	1	1
8	523	4184	65.375	0.06	0.305	1.2	250	1277	209	0
9	331	2979	36.778	0.195	0.78	1.29	582	2323	452	0
8	535	4280	66.875	0.171	0.697	1.27	731	2984	575	0
9	264	2376	29.333	0.197	0.656	1.34	468	1558	349	0
1	70	70	70	0.2	1	1.08	14	70	13	0
7	169	1183	24.143	0.167	0.785	1.28	197	929	154	0
6	68	408	11.333	0.172	0.931	1.25	70	380	56	0
7	117	819	16.714	0.186	0.847	1.26	152	694	121	0
8	242	1936	30.25	0.128	0.574	1.27	247	1111	195	0
7	69	483	9.857	0.188	0.754	1.28	91	364	71	0
54	1	54	0.019	1	1	54	54	54	1	1
39	1	39	0.026	1	1	39	39	39	1	1
1	15	15	15	0.867	1	13	13	15	1	1
10	27	270	2.7	0.63	0.833	6.07	170	225	28	0
11	118	1298	10.727	0.408	0.616	6.63	530	800	80	0
9	67	603	7.444	0.468	0.823	3.76	282	496	75	0
1	11	11	11	1	1	11	11	11	1	1
11	288	3168	26.182	0.248	0.5	2.04	787	1584	386	0
14	27	378	1.929	0.479	0.709	7.24	181	268	25	0
12	85	1020	7.083	0.476	0.614	5.4	486	626	90	0
14	12	168	0.857	0.429	0.732	6.55	72	123	11	0
42	1	42	0.024	1	1	42	42	42	1	1
1	7	7	7	1	1	7	7	7	1	0
10	50	500	5	0.602	0.746	5.57	301	373	54	0
7	7	49	1	0.918	0.959	22.5	45	47	2	0
12	45	540	3.75	0.467	0.694	6.63	252	375	38	0
10	80	800	8	0.275	0.435	3.93	220	348	56	0
1	78	78	78	0.949	1	24.67	74	78	3	1
4	9	36	2.25	0.611	0.611	22	22	22	1	1
1	36	36	36	0.583	1	5.25	21	36	4	1
1	18	18	18	0.5	1	3	9	18	3	1
10	10	100	1	0.5	0.53	50	50	53	1	0
24	125	3000	5.208	0.915	0.959	21.29	2746	2877	129	0
10	18	180	1.8	0.656	0.9	6.94	118	162	17	0
187	137	25619	0.733	0.899	0.991	29.29	23025	25400	786	1
11	183	2013	16.636	0.481	0.747	4.66	969	1503	208	0
10	10	100	1	0.46	0.46	46	46	46	1	0
10	430	4300	43	0.351	0.772	2.7	1508	3318	559	0
14	372	5208	26.571	0.378	0.586	4.99	1971	3050	395	0
24	336	8064	14	0.898	0.958	15.91	7238	7729	455	0
10	18	180	1.8	0.6	0.844	7.2	108	152	15	0
3	3	9	1	0.778	0.778	7	7	7	1	0
1	52	52	52	0.962	1	25	50	52	2	1
10	155	1550	15.5	0.314	0.631	2.64	486	978	184	0
8	52	416	6.5	0.45	0.921	2.88	187	383	65	0
10	18	180	1.8	0.467	0.778	8.4	84	140	10	0
14	153	2142	10.929	0.38	0.643	4.44	813	1378	183	0
11	167	1837	15.182	0.371	0.8	2.86	681	1470	238	0
10	17	170	1.7	0.506	0.771	7.82	86	131	11	0
14	326	4564	23.286	0.363	0.589	4.4	1657	2689	377	0
11	251	2761	22.818	0.355	0.743	2.93	979	2052	334	0
3	3	9	1	0.889	0.889	8	8	8	1	0
1	9	9	9	0.889	1	8	8	9	1	1
9	1	9	0.111	1	1	9	9	9	1	1
54	357	19278	6.611	0.324	0.644	6.22	6238	12422	1003	1
28	171	4788	6.107	0.258	0.912	1.99	1235	4369	621	0
9	83	747	9.222	0.391	0.795	3.21	292	594	91	0
8	58	464	7.25	0.442	0.903	3.15	205	419	65	0
13	222	2886	17.077	0.377	0.692	4.92	1087	1997	221	0
10	18	180	1.8	0.522	0.694	9.4	94	125	10	0
17	98	1666	5.765	0.929	1	14.88	1548	1666	104	0
10	151	1510	15.1	0.381	0.785	3.48	575	1186	165	0
10	252	2520	25.2	0.377	0.775	2.88	950	1953	330	0
9	82	738	9.111	0.352	0.798	2.63	260	589	99	0
12	1	12	0.083	1	1	12	12	12	1	1
10	16	160	1.6	0.544	0.875	7.25	87	140	12	0
13	136	1768	10.462	0.415	0.778	4.58	733	1375	160	0
10	19	190	1.9	0.6	0.858	7.6	114	163	15	0
14	390	5460	27.857	0.358	0.59	4.44	1956	3224	441	0
11	165	1815	15	0.354	0.706	3.38	643	1282	190	0
12	272	3264	22.667	0.329	0.75	2.74	1075	2448	393	0
9	20	180	2.222	0.628	0.856	8.07	113	154	14	0
9	1	9	0.111	1	1	9	9	9	1	1
10	155	1550	15.5	0.35	0.678	2.78	542	1051	195	0
28	333	9324	11.893	0.351	0.65	4.55	3270	6057	718	0
9	18	162	2	0.543	0.815	8.8	88	132	10	0
7	157	1099	22.429	0.439	0.874	2.77	482	961	174	0
7	153	1071	21.857	0.467	0.97	2.75	500	1039	182	0
10	19	190	1.9	0.6	0.768	9.5	114	146	12	0
8	193	1544	24.125	0.4	0.829	2.51	617	1280	246	0
11	184	2024	16.727	0.471	0.885	4.48	954	1791	213	0
7	14	98	2	0.102	0.204	10	10	20	1	1
24	198	4752	8.25	0.911	0.983	15.8	4329	4670	274	0
10	16	160	1.6	0.425	0.794	7.56	68	127	9	0
9	124	1116	13.778	0.348	0.722	2.57	388	806	151	0
27	320	8640	11.852	0.321	0.561	4.53	2774	4845	613	0
10	18	180	1.8	0.583	0.894	7.5	105	161	14	0
13	1	13	0.077	1	1	13	13	13	1	1
12	409	4908	34.083	0.302	0.604	2.88	1482	2966	515	0
26	184	4784	7.077	0.773	0.886	16.88	3696	4241	219	0
11	205	2255	18.636	0.371	0.717	3.01	837	1616	278	0
16	367	5872	22.938	0.385	0.575	5.29	2258	3377	427	0
17	382	6494	22.471	0.363	0.567	5.46	2355	3680	431	0
1	42	42	42	0.19	1	1.6	8	42	5	1
1	28	28	28	0.464	1	2.17	13	28	6	1
16	344	5504	21.5	0.385	0.662	5.2	2121	3643	408	0
13	135	1755	10.385	0.492	0.833	5.5	864	1462	157	0
9	78	702	8.667	0.464	0.89	3.33	326	625	98	0
16	391	6256	24.438	0.401	0.674	5.26	2508	4219	477	0
39	353	13767	9.051	0.557	0.608	16.89	7667	8370	454	0
16	415	6640	25.938	0.389	0.675	5.17	2582	4480	499	0
12	20	240	1.667	0.546	0.838	8.19	131	201	16	0
16	205	3280	12.813	0.401	0.799	5.36	1314	2622	245	0
9	155	1395	17.222	0.366	0.723	2.54	511	1008	201	0
12	71	852	5.917	0.608	0.863	6.4	518	735	81	0
23	120	2760	5.217	0.942	1	17.44	2599	2760	149	0
10	256	2560	25.6	0.363	0.765	2.84	928	1959	327	0
10	256	2560	25.6	0.371	0.779	2.95	951	1995	322	0
3	424	1272	141.33	0.537	0.557	136.6	683	709	5	0
9	155	1395	17.222	0.346	0.731	2.44	483	1020	198	0
12	20	240	1.667	0.525	0.854	9	126	205	14	0
16	227	3632	14.188	0.41	0.731	4.97	1490	2654	300	0
11	20	220	1.818	0.577	0.882	8.47	127	194	15	0
15	356	5340	23.733	0.398	0.738	5.32	2127	3940	400	0
16	424	6784	26.5	0.371	0.719	5.16	2518	4879	488	0
12	10	120	0.833	0.675	0.783	11.57	81	94	7	0
11	236	2596	21.455	0.354	0.803	2.91	920	2084	316	0
15	154	2310	10.267	0.423	0.704	5.84	976	1626	167	0
3	4	12	1.333	0.917	0.917	11	11	11	1	0
11	94	1034	8.545	0.38	0.677	3.12	393	700	126	0
4	2	8	0.5	1	1	8	8	8	1	1
10	57	570	5.7	0.407	0.739	2.94	232	421	79	0
11	436	4796	39.636	0.336	0.755	2.86	1612	3623	564	0
9	1	9	0.111	1	1	9	9	9	1	1
8	104	832	13	0.575	0.87	3.71	478	724	129	0
10	268	2680	26.8	0.494	0.754	6.02	1325	2022	220	0
9	276	2484	30.667	0.388	0.846	2.58	964	2102	373	0
7	19	133	2.714	0.662	0.925	4.89	88	123	18	0
7	80	560	11.429	0.361	0.961	1.63	202	538	124	0
10	238	2380	23.8	0.353	0.727	2.85	840	1730	295	0
7	13	91	1.857	0.67	0.89	7.63	61	81	8	0
7	19	133	2.714	0.662	0.91	5.18	88	121	17	0
8	109	872	13.625	0.447	0.959	2.47	390	836	158	0
8	162	1296	20.25	0.327	0.79	2.85	424	1024	149	0
3	104	312	34.667	0.606	0.683	9.95	189	213	19	0
7	5	35	0.714	0.829	0.829	29	29	29	1	0
8	1	8	0.125	1	1	8	8	8	1	0
6	217	1302	36.167	0.25	0.684	1.52	326	890	214	0
7	219	1533	31.286	0.195	0.617	1.44	299	946	207	0
7	110	770	15.714	0.21	0.627	1.38	162	483	117	0
5	27	135	5.4	0.296	0.496	3.08	40	67	13	0
4	18	72	4.5	0.181	0.778	6.5	13	56	2	0
7	240	1680	34.286	0.215	0.538	1.64	362	904	221	0
9	92	828	10.222	0.287	0.694	1.93	238	575	123	0
8	242	1936	30.25	0.171	0.409	1.45	331	792	228	0
8	152	1216	19	0.27	0.623	2	328	757	164	0
3	5	15	1.667	0.533	0.8	4	8	12	2	0
17	24	408	1.412	0.4	0.838	4.79	163	342	34	0
6	21	126	3.5	0.198	0.444	1.67	25	56	15	1
7	162	1134	23.143	0.096	0.235	1.49	109	266	73	0
7	111	777	15.857	0.254	0.883	1.5	197	686	131	0
197	198	39006	1.005	0.273	0.332	46.93	10654	12964	227	1
7	223	1561	31.857	0.205	0.664	1.4	320	1036	229	0
23	249	5727	10.826	0.77	0.958	16.33	4409	5488	270	0
6	28	168	4.667	0.327	0.589	2.12	55	99	26	0
7	72	504	10.286	0.236	0.651	1.7	119	328	70	0
74	183	13542	2.473	0.544	0.612	127	7366	8289	58	0
84	1	84	0.012	1	1	84	84	84	1	1
13	323	4199	24.846	0.256	0.557	2.4	1076	2340	449	0
7	37	259	5.286	0.521	0.954	3.14	135	247	43	0
9	33	297	3.667	0.34	0.677	2.53	101	201	40	0
4	95	380	23.75	0.311	0.979	1.51	118	372	78	0
10	323	3230	32.3	0.198	0.676	1.38	641	2183	465	0
5	95	475	19	0.255	0.787	1.73	121	374	70	0
17	24	408	1.412	0.407	0.809	4.88	166	330	34	0
6	96	576	16	0.297	0.811	2.25	171	467	76	0
136	1	136	0.007	0.993	1	135	135	136	1	1
6	95	570	15.833	0.256	0.768	1.78	146	438	82	0
6	97	582	16.167	0.266	0.72	1.82	155	419	85	0
6	93	558	15.5	0.276	0.962	1.52	154	537	101	0
6	94	564	15.667	0.287	0.713	2.45	162	402	66	0
6	97	582	16.167	0.299	0.701	1.85	174	408	94	0
6	96	576	16	0.198	0.668	1.61	114	385	71	0
6	96	576	16	0.217	0.797	1.45	125	459	86	0
10	284	2840	28.4	0.202	0.709	1.43	575	2013	402	0
9	80	720	8.889	0.231	0.694	1.54	166	500	108	0
6	94	564	15.667	0.326	0.862	2.02	184	486	91	0
5	39	195	7.8	0.395	0.826	3.67	77	161	21	0
5	39	195	7.8	0.436	0.656	3.54	85	128	24	0
11	32	352	2.909	0.264	0.5	3.1	93	176	30	0
11	57	627	5.182	0.343	0.678	2.95	215	425	73	0
11	252	2772	22.909	0.092	0.095	63.75	255	262	4	1
7	31	217	4.429	0.382	0.811	1.84	83	176	45	0
9	38	342	4.222	0.377	0.731	2.74	129	250	47	0
10	88	880	8.8	0.248	0.49	2.16	218	431	101	0
1	42	42	42	0.405	1	1.06	17	42	16	0
7	59	413	8.429	0.462	1	2.33	191	413	82	0
8	129	1032	16.125	0.232	0.823	1.46	239	849	164	0
1	33	33	33	0.364	1	1.09	12	33	11	0
7	36	252	5.143	0.456	0.98	2.05	115	247	56	0
9	98	882	10.889	0.285	0.645	2.06	251	569	122	0
8	77	616	9.625	0.232	0.731	1.47	143	450	97	0
7	17	119	2.429	0.16	0.739	1.73	19	88	11	0
6	9	54	1.5	0.296	0.796	2	16	43	8	0
5	56	280	11.2	0.121	0.471	1.31	34	132	26	0
1	47	47	47	0.34	1	1.14	16	47	14	0
1	77	77	77	0.325	1	1.04	25	77	24	0
7	59	413	8.429	0.242	0.685	1.79	100	283	56	0
6	82	492	13.667	0.104	0.303	1.31	51	149	39	0
9	72	648	8	0.255	0.494	2.01	165	320	82	0
7	46	322	6.571	0.416	0.776	2.63	134	250	51	0
8	126	1008	15.75	0.209	0.573	1.45	211	578	146	0
7	158	1106	22.571	0.211	0.552	1.6	233	610	146	0
9	49	441	5.444	0.252	0.739	1.61	111	326	69	0
16	106	1696	6.625	0.192	0.593	1.49	325	1005	218	0
7	34	238	4.857	0.252	1	1.43	60	238	42	0
6	104	624	17.333	0.099	0.258	2	62	161	31	0
7	26	182	3.714	0.302	0.863	1.9	55	157	29	0
6	13	78	2.167	0.295	0.692	1.53	23	54	15	0
5	16	80	3.2	0.25	0.938	2	20	75	10	0
5	28	140	5.6	0.307	0.821	1.39	43	115	31	0
7	61	427	8.714	0.321	0.667	1.9	137	285	72	0
6	59	354	9.833	0.237	0.881	1.38	84	312	61	0
71	34	2414	0.479	0.094	0.273	1.91	227	659	119	0
5	15	75	3	0.093	0.347	1.4	7	26	5	0
8	85	680	10.625	0.238	0.687	1.46	162	467	111	0
6	40	240	6.667	0.221	0.621	1.43	53	149	37	0
7	39	273	5.571	0.147	0.48	1.67	40	131	24	0
8	69	552	8.625	0.216	0.643	1.43	119	355	83	0
7	17	119	2.429	0.319	0.933	1.41	38	111	27	0
7	96	672	13.714	0.271	0.688	1.54	182	462	118	0
5	13	65	2.6	0.292	0.892	1.46	19	58	13	0
5	25	125	5	0.4	0.928	1.52	50	116	33	0
5	39	195	7.8	0.338	0.903	1.35	66	176	49	0
5	7	35	1.4	0.314	0.857	1.83	11	30	6	0
7	108	756	15.429	0.362	0.807	2.11	274	610	130	0
20	39	780	1.95	0.232	0.585	3.42	181	456	53	0
16	112	1792	7	0.305	0.879	2.72	546	1576	201	0
10	119	1190	11.9	0.202	0.842	1.59	240	1002	151	0
3	550	1650	183.33	0.329	0.375	27.15	543	619	20	1
13	348	4524	26.769	0.195	0.743	1.64	881	3363	537	0
10	23	230	2.3	0.261	0.787	1.76	60	181	34	0
10	23	230	2.3	0.313	0.891	2.4	72	205	30	0
14	409	5726	29.214	0.172	0.578	1.79	984	3307	551	0
12	207	2484	17.25	0.2	0.699	1.7	496	1736	292	0
12	245	2940	20.417	0.204	0.797	1.7	599	2342	353	0
1	8	8	8	1	1	8	8	8	1	1
1	277	277	277	0.993	1	137.5	275	277	2	1
13	44	572	3.385	0.171	0.712	1.61	98	407	61	0
41	67	2747	1.634	0.441	0.529	33.67	1212	1452	36	0
8	65	520	8.125	0.302	0.908	1.74	157	472	90	0
8	319	2552	39.875	0.174	0.692	1.26	445	1765	353	0
9	1	9	0.111	1	1	9	9	9	1	1
2	52	104	26	0.231	0.529	1.5	24	55	16	1
158	167	26386	1.057	0.16	0.276	8.24	4213	7279	511	1
9	181	1629	20.111	0.217	0.661	1.66	354	1077	213	0
7	35	245	5	0.188	0.849	1.21	46	208	38	0
1	22	22	22	0.591	1	2.6	13	22	5	0
7	92	644	13.143	0.309	0.896	1.88	199	577	106	0
1	288	288	288	0.424	1	1.02	122	288	120	1
7	74	518	10.571	0.16	0.83	1.12	83	430	74	0
5	19	95	3.8	0.211	0.779	1.33	20	74	15	0
6	106	636	17.667	0.129	0.835	1.14	82	531	72	0
8	340	2720	42.5	0.183	0.736	1.41	499	2002	355	0
5	12	60	2.4	0.2	0.583	2	12	35	6	0
1	95	95	95	1	1	95	95	95	1	1
8	45	360	5.625	0.492	0.722	9.32	177	260	19	0
8	28	224	3.5	0.438	0.496	19.6	98	111	5	0
10	67	670	6.7	0.291	0.588	2.27	195	394	86	0
10	82	820	8.2	0.3	0.832	2.05	246	682	120	0
9	38	342	4.222	0.211	0.561	2.25	72	192	32	0
9	29	261	3.222	0.31	0.686	2.13	81	179	38	0
7	1	7	0.143	1	1	7	7	7	1	1
11	137	1507	12.455	0.317	0.652	2.7	478	982	177	0
11	12	132	1.091	0.432	0.674	4.38	57	89	13	0
8	231	1848	28.875	0.872	0.882	179	1611	1630	9	1
10	115	1150	11.5	0.24	0.758	1.48	276	872	187	0
7	1	7	0.143	1	1	7	7	7	1	1
1	9	9	9	1	1	9	9	9	1	1
9	57	513	6.333	0.285	0.91	1.39	146	467	105	0
7	41	287	5.857	0.213	0.801	1.36	61	230	45	0
